100
31524
897
123
10
5
999999999
999999999
999999999
999999999
999999999
999999999
999999999
999999999
999999999
999999999
999999999
999999999
999999999
999999999
999999999
999999999
999999999
999999999
999999999
999999999
999999999
999999999
999999999
999999999
999999999
999999999
999999999
999999999
999999999
999999999
999999999
999999999
999999999
999999999
999999999
999999999
999999999
999999999
999999999
999999999
999999999
999999999
999999999
999999999
999999999
999999999
999999999
999999999
999999999
999999999
999999999
999999999
999999999
999999999
999999999
999999999
999999999
999999999
999999999
999999999
999999999
999999999
999999999
999999999
999999999
999999999
999999999
999999999
999999999
999999999
999999999
999999999
999999999
999999999
999999999
999999999
999999999
999999999
999999999
999999999
999999999
999999999
999999999
999999999
999999999
999999999
999999999
999999999
999999999
999999999
999999999
999999999
999999999
999999999
999999999