20
393 821 883
20
389 586 269
363 927 476
156 65 852
92 924 146
40 332 572
205 135 101
69 62 351
156 849 10
35 18 438
355 39 774
478 477 442
59 744 795
188 213 136
11 712 410
703 728 365
91 960 333
36 157 517
880 71 23
253 46 520
924 39 79
740 805 935
20
671 884 37
365 527 774
619 185 48
333 125 542
355 739 513
299 249 12
238 247 668
10 365 122
15 744 212
992 709 806
20 368 520
889 217 399
528 547 355
314 24 215
130 363 807
441 556 923
477 124 172
528 95 447
389 129 289
36 12 620
812 491 534
20
663 690 103
165 644 334
49 26 10
267 184 231
242 323 171
31 273 777
549 35 588
824 28 53
553 68 206
772 97 64
21 698 558
31 10 849
10 261 792
836 756 11
403 860 794
670 234 13
196 646 532
841 396 370
994 67 441
108 84 243
536 749 776
20
55 10 724
122 264 654
10 980 98
494 242 170
159 814 813
615 278 95
251 298 381
310 43 52
735 913 69
195 29 266
15 324 268
12 831 11
19 148 12
30 323 24
417 186 702
799 890 338
79 615 470
540 62 142
206 132 220
347 15 916
734 644 887
20
676 968 23
946 215 329
122 851 31
219 99 845
311 57 422
229 117 452
114 78 48
329 388 63
855 924 12
335 774 659
463 361 424
308 947 550
191 252 239
10 245 760
133 369 824
860 193 530
10 485 782
487 197 15
852 61 373
118 426 365
100 100 100
1
100 100 100
737 308 815
20
11 117 72
13 23 13
220 939 229
215 852 88
20 563 36
544 713 524
98 626 333
15 401 270
35 232 110
546 458 955
25 351 194
27 239 494
675 206 38
40 107 844
16 69 753
431 504 123
33 10 11
938 82 14
151 186 974
230 174 22
401 536 646
20
706 58 262
48 13 296
716 181 182
73 362 146
42 629 451
74 37 13
61 486 435
742 480 405
353 14 54
166 119 607
14 408 181
12 425 17
121 661 194
327 499 633
11 234 103
14 624 86
114 491 84
482 610 88
15 19 722
11 293 688
991 827 352
20
29 560 929
139 681 102
144 853 10
84 729 80
218 20 67
140 80 901
428 20 500
520 970 128
422 419 30
413 101 192
467 448 501
32 939 684
34 20 38
251 317 132
588 437 10
648 21 79
391 25 14
499 22 24
854 77 361
405 25 20
397 405 835
20
335 775 229
103 640 993
166 43 570
560 10 113
59 73 39
358 11 741
63 342 886
116 284 622
415 788 10
126 100 45
23 606 19
719 107 160
13 328 856
111 51 451
12 32 22
755 620 357
10 685 618
434 49 261
615 10 943
66 535 921
292 264 512
20
909 302 261
705 597 823
291 51 126
28 697 57
593 31 826
311 256 57
292 14 47
29 730 716
12 529 146
768 16 439
37 472 15
350 192 34
163 468 238
69 173 10
203 72 690
424 875 213
223 593 292
151 46 10
88 90 16
773 653 711
978 383 580
20
58 445 25
462 16 364
44 639 37
22 876 239
437 128 293
540 588 21
304 22 249
310 957 587
29 589 10
99 983 763
96 49 987
119 10 62
654 53 10
151 435 15
13 300 449
399 656 102
10 158 322
215 688 112
10 116 576
207 283 517
788 804 781
20
447 71 70
274 994 525
577 199 427
543 963 263
438 11 11
484 844 38
54 125 371
123 10 217
797 403 18
41 527 163
487 10 171
16 762 912
10 932 68
694 118 222
759 10 22
670 917 553
107 871 413
119 82 410
614 472 670
230 100 99
828 683 564
20
526 612 937
85 194 532
729 56 190
29 46 518
363 18 134
60 741 529
321 353 874
90 376 71
11 391 83
52 179 772
832 292 690
524 434 459
571 38 10
32 415 58
96 352 802
47 848 436
980 73 621
174 60 10
60 339 250
64 39 423
861 317 892
20
18 145 886
649 860 629
155 836 119
430 13 420
712 461 982
92 604 10
304 69 68
128 30 814
138 217 726
76 17 255
332 399 820
256 366 30
907 304 186
76 49 439
796 289 273
16 515 355
10 10 223
596 355 758
429 218 10
573 213 10
855 390 629
20
387 456 303
689 97 355
440 293 297
33 777 143
148 769 21
729 811 907
17 954 233
761 15 172
102 38 21
22 199 198
614 916 620
42 56 55
603 32 829
139 53 968
689 168 61
14 680 22
952 147 134
307 632 625
290 57 773
10 13 152
861 761 436
20
53 70 126
176 143 95
758 312 907
409 183 29
887 63 355
781 941 21
235 192 358
43 20 93
106 138 551
196 10 576
195 875 263
213 449 401
639 73 934
655 222 98
53 71 141
537 976 662
669 26 11
294 729 93
436 17 15
246 341 467
861 695 625
20
10 77 445
958 23 124
398 967 12
23 379 811
714 78 384
59 37 16
13 569 71
113 129 32
688 20 215
158 267 96
823 123 170
353 483 10
964 560 17
75 11 154
21 356 125
10 281 16
760 157 656
13 651 599
888 314 10
474 876 659
669 872 698
20
31 186 451
121 759 10
517 497 500
222 271 26
570 347 53
81 160 859
349 182 365
270 845 83
949 430 369
58 658 421
672 117 151
102 968 223
245 365 122
10 25 193
672 34 260
34 39 65
990 163 36
13 394 10
10 166 55
10 504 114
552 962 915
20
213 199 214
461 68 134
63 907 730
65 595 102
24 466 531
526 10 610
57 10 181
678 30 12
511 536 368
296 18 772
254 10 495
784 40 65
12 63 668
723 11 306
255 706 292
202 104 51
141 46 500
478 159 683
44 319 28
271 192 163