1000
7 13 7
20 14 88
100 91 95
42 93 63
77 89 85
84 90 1
4 86 31
100 1 1
81 58 33
78 92 39
69 91 72
70 100 38
56 83 72
56 80 4
13 64 55
5 92 68
94 7 87
13 55 55
70 57 74
2 96 76
80 66 44
77 67 94
47 27 8
7 56 41
100 66 7
25 69 7
89 99 82
37 43 86
78 12 26
5 42 25
72 69 8
35 87 31
34 72 75
73 32 97
70 16 5
41 62 75
59 75 32
77 18 99
78 31 43
87 5 14
70 70 72
90 63 36
11 78 3
80 80 99
22 34 52
65 88 97
19 53 6
73 94 6
15 28 37
53 97 9
20 73 91
41 48 10
13 62 100
32 81 7
77 28 9
100 91 18
82 65 54
39 39 55
68 88 5
22 4 96
21 1 14
52 71 59
73 81 29
48 16 37
79 87 63
37 29 63
68 76 65
27 63 72
93 61 47
34 10 100
46 60 87
51 37 95
35 68 35
20 46 63
46 65 73
88 58 41
100 54 94
93 62 88
31 40 41
0 55 55
16 86 48
97 24 78
58 86 97
6 54 76
76 47 70
70 15 34
29 23 13
48 100 27
11 5 82
78 13 34
7 55 85
84 70 75
82 87 30
37 59 59
95 20 58
25 43 87
25 76 48
47 74 14
76 5 76
34 74 94
19 80 12
87 47 83
47 1 94
85 12 5
67 67 62
56 22 38
67 95 83
0 99 43
16 66 92
84 18 41
47 2 34
52 44 12
87 70 20
48 59 23
49 37 81
88 45 37
60 24 94
68 85 59
13 15 75
17 78 67
28 81 52
86 23 47
2 35 88
34 85 73
50 22 86
57 64 92
79 26 26
93 28 75
2 42 20
55 55 17
39 68 98
73 29 39
31 46 91
2 76 15
3 75 98
1 87 71
99 70 86
51 36 99
1 74 53
7 55 65
94 53 82
84 98 55
38 100 15
34 92 69
82 94 57
62 17 79
52 79 8
68 88 23
55 71 46
89 11 13
4 11 83
61 11 97
77 88 1
98 28 93
52 68 11
10 36 76
66 20 11
30 64 33
9 78 90
6 74 32
19 77 72
15 73 20
42 33 100
59 19 85
81 8 37
77 89 75
76 23 47
98 83 39
77 46 98
0 39 48
38 10 22
57 75 37
51 16 84
69 11 77
38 2 57
1 52 5
73 5 80
27 86 68
100 6 31
4 38 5
85 85 34
19 8 1
83 15 78
32 47 87
91 10 23
29 11 42
84 48 1
18 75 8
42 67 14
48 38 28
45 70 62
80 22 42
81 45 30
47 92 81
49 35 2
66 90 100
77 31 9
32 96 39
54 84 33
90 72 20
31 20 6
6 26 84
7 72 10
45 94 28
82 55 91
62 59 95
85 13 84
90 14 81
2 20 12
60 38 13
84 24 17
44 4 23
67 23 25
16 88 96
65 81 74
89 80 24
61 29 41
38 92 85
11 92 53
31 10 68
84 5 4
20 73 83
38 3 52
84 90 42
21 26 87
27 81 7
60 81 83
100 28 10
18 95 60
85 73 70
82 19 81
19 71 93
99 70 27
47 52 75
87 37 36
100 89 79
59 46 2
91 96 80
86 7 52
80 78 67
72 73 82
45 58 33
1 81 66
94 41 86
41 87 80
75 9 23
24 89 95
23 7 3
46 18 82
87 21 91
92 100 81
20 71 63
21 63 84
84 63 23
98 85 64
40 32 40
72 68 30
8 78 93
31 11 98
98 96 13
16 66 96
82 86 16
99 92 60
29 71 99
28 74 83
63 75 34
8 67 44
49 11 58
77 75 53
26 4 85
46 69 58
28 53 36
85 86 56
85 71 33
56 57 34
16 53 10
16 81 32
81 4 75
37 92 57
94 30 1
95 24 55
67 58 20
4 79 33
9 100 8
41 26 27
100 47 93
93 94 28
97 18 34
73 93 3
73 67 79
30 64 56
79 88 11
44 7 12
79 40 83
28 75 45
52 29 5
8 88 1
6 23 99
88 76 98
47 53 21
60 4 61
87 15 84
35 16 42
5 77 3
64 96 55
80 70 89
28 43 83
49 60 88
1 97 39
23 36 86
72 96 80
59 89 41
25 68 86
14 30 25
67 3 26
22 64 65
5 47 9
9 72 95
43 44 59
39 85 37
4 87 25
42 4 54
36 61 83
17 53 33
4 62 87
0 20 21
53 92 12
55 82 52
31 57 62
2 59 23
51 61 55
45 62 57
57 92 78
58 36 22
42 65 78
36 17 39
100 91 42
12 85 59
89 84 47
29 37 5
68 94 26
75 68 11
37 33 85
52 20 71
7 34 65
33 24 78
36 22 35
59 31 96
80 33 25
32 94 82
10 19 4
82 47 46
75 36 52
80 32 67
53 76 77
20 2 14
81 88 84
97 48 53
38 68 94
8 59 6
74 13 7
0 30 70
0 27 62
96 97 9
8 31 78
61 55 7
67 1 56
1 54 73
74 24 4
17 26 74
62 18 5
49 43 41
55 71 19
19 32 69
73 9 85
39 62 18
57 98 14
75 12 4
63 53 74
7 52 70
54 31 99
75 71 84
68 82 88
50 58 100
75 33 74
91 2 12
74 27 60
34 21 80
52 37 89
54 7 5
99 61 22
56 56 52
98 39 27
98 31 67
30 5 25
80 74 70
16 54 82
27 97 67
35 57 4
76 85 40
54 73 68
43 54 4
38 87 35
34 14 7
75 69 6
0 10 42
63 42 23
51 26 61
76 77 73
70 91 100
97 88 98
65 69 32
55 84 13
97 40 88
55 94 1
23 66 83
11 32 65
87 37 39
99 41 62
8 61 3
96 28 17
32 43 54
55 94 47
3 38 18
13 15 91
88 93 40
97 76 47
71 28 11
4 25 17
0 33 60
53 86 23
13 47 81
30 44 90
87 93 35
85 73 67
93 81 97
61 6 25
42 12 84
80 53 38
10 9 17
75 96 31
20 39 43
28 2 36
98 57 37
58 58 81
100 17 30
19 13 36
59 72 79
11 97 8
87 66 72
3 40 45
43 99 74
57 66 7
75 53 41
16 86 46
1 87 21
23 1 19
45 83 96
16 81 80
85 55 91
43 24 79
31 47 82
54 13 86
70 29 55
85 74 65
34 29 29
63 90 6
38 27 52
55 98 32
90 16 86
41 98 74
54 8 62
66 19 66
40 29 19
75 63 74
10 55 27
19 7 99
57 75 18
1 90 31
99 97 98
17 81 100
45 54 78
30 86 56
61 95 87
38 42 11
45 38 11
10 87 38
52 79 95
49 47 74
73 6 68
93 79 38
18 61 15
59 83 100
1 73 59
83 77 15
4 80 61
6 27 73
56 91 37
98 4 46
75 56 53
58 63 62
16 74 2
85 67 94
8 92 17
30 15 68
26 92 27
90 76 61
42 35 78
90 37 82
97 7 12
38 55 3
68 31 60
16 97 9
7 33 36
47 66 45
58 85 42
37 87 8
49 73 97
44 33 42
73 44 1
8 64 34
10 33 21
46 54 18
85 7 21
73 94 45
39 5 87
7 21 17
28 12 87
23 89 93
100 98 41
90 93 62
43 81 99
38 20 36
45 24 7
19 61 77
53 46 81
48 21 33
16 5 23
5 47 66
41 12 92
83 53 23
64 38 29
90 77 46
35 64 17
20 56 46
50 66 61
94 11 37
28 95 81
22 75 38
28 11 21
58 91 89
26 26 94
34 5 87
8 34 45
54 18 72
45 4 63
29 36 86
18 75 3
56 92 59
69 39 59
34 98 65
86 22 44
54 36 40
0 92 67
68 63 40
75 40 70
13 98 74
66 96 69
8 47 90
74 73 98
26 54 1
17 55 29
70 25 2
89 86 90
38 6 39
43 48 99
31 43 35
96 95 29
21 28 21
58 20 22
71 81 41
78 21 43
23 76 96
81 13 32
74 86 67
97 10 91
22 84 76
60 83 20
55 2 71
38 4 1
20 94 40
76 58 19
64 88 26
73 7 6
63 74 95
1 7 59
95 44 79
91 25 16
9 70 2
77 83 32
41 67 73
52 27 3
17 31 57
51 82 15
90 48 65
4 45 66
99 91 5
63 39 40
20 18 1
1 23 28
96 67 6
93 37 34
36 69 53
62 44 84
29 25 59
25 18 17
4 42 74
6 57 10
31 90 6
39 94 64
31 80 31
48 39 20
24 66 29
20 41 6
33 6 28
6 54 76
100 9 27
28 1 34
65 70 12
97 70 4
44 60 67
92 10 71
69 96 28
33 55 85
68 6 13
67 7 97
99 99 99
23 7 57
95 85 18
99 35 58
31 32 20
22 89 58
10 28 72
38 4 40
19 59 93
71 59 9
97 37 34
67 5 11
95 92 84
15 70 53
88 17 100
33 36 11
99 8 47
86 82 81
34 92 25
98 22 42
35 35 60
84 1 80
12 100 82
55 37 9
28 62 38
67 83 21
80 15 95
34 72 48
33 84 61
56 30 6
24 26 19
50 65 61
91 63 85
13 45 52
1 45 6
29 16 45
19 25 7
19 15 33
90 70 34
95 82 27
13 62 69
49 34 10
65 46 89
95 22 15
98 55 70
14 78 60
15 19 12
7 62 58
7 54 41
42 33 8
57 28 81
51 46 69
4 90 64
87 81 48
98 87 25
1 69 27
61 9 64
97 16 13
80 5 56
70 44 46
33 58 9
20 28 98
42 91 58
30 17 52
95 53 33
95 52 21
88 55 34
45 61 96
53 85 73
95 11 94
51 61 95
90 69 60
43 89 76
30 94 18
33 44 96
92 33 47
35 97 48
61 53 3
66 96 69
34 78 66
85 33 65
53 22 1
19 23 85
99 77 4
14 89 2
76 21 60
19 57 99
95 95 17
85 2 99
38 86 11
80 25 64
48 46 58
12 55 55
96 55 72
23 79 47
68 23 60
84 98 25
44 88 41
13 99 9
35 81 8
82 32 14
93 24 72
74 76 22
77 61 9
97 61 94
13 82 4
18 82 44
64 81 11
18 18 95
63 5 13
46 100 80
53 48 15
21 52 78
17 8 18
99 95 91
21 53 4
51 39 32
70 93 6
29 21 89
57 41 42
5 97 10
54 69 77
19 87 86
55 68 37
7 13 96
6 90 7
3 82 67
91 41 56
4 95 82
55 80 45
8 7 32
83 27 46
51 52 94
34 44 91
15 100 82
48 48 69
83 62 4
22 61 99
47 71 80
77 76 20
41 85 37
6 33 77
93 5 46
40 58 61
75 18 61
40 47 81
18 66 28
47 85 3
18 89 10
64 82 82
42 62 90
18 13 17
45 39 23
7 38 80
22 20 89
74 35 91
0 20 25
90 22 23
4 17 11
56 61 7
16 20 69
31 3 8
38 13 25
100 66 13
30 61 23
18 56 55
43 19 26
37 56 98
96 2 72
72 84 72
49 42 78
44 19 7
15 90 92
59 82 94
24 64 84
57 85 91
87 63 13
67 54 42
73 43 35
7 29 86
57 58 89
76 9 32
33 20 79
40 76 92
22 14 70
86 54 55
13 35 36
75 93 5
81 3 94
78 3 72
21 84 62
100 18 7
95 59 36
69 3 81
94 13 95
73 35 23
12 3 26
96 100 18
61 71 58
56 6 32
7 29 92
52 27 39
75 52 73
51 72 5
72 82 11
45 39 5
65 19 26
93 40 71
99 10 38
85 96 27
28 96 15
96 46 59
47 27 41
38 91 22
12 59 63
53 6 61
95 23 15
85 84 21
44 68 69
47 12 95
97 81 53
17 6 40
43 97 35
55 47 53
76 82 99
67 60 99
13 69 20
16 15 64
66 22 24
73 66 59
79 13 6
67 48 15
62 48 83
13 9 61
15 87 67
33 18 17
100 61 33
2 98 62
84 30 23
75 83 75
63 97 5
33 56 65
35 22 38
51 34 61
100 64 45
54 12 86
7 84 22
7 78 53
79 8 72
85 70 9
69 25 52
42 25 39
46 38 10
57 87 8
11 72 92
81 16 88
1 12 64
34 54 33
91 65 22
61 88 67
73 41 26
97 58 73
51 16 83
70 35 40
40 9 35
10 67 92
63 4 15
72 83 63
79 94 60
98 80 87
83 21 71
66 16 67
91 86 25
97 69 86
37 24 17
23 17 75
2 9 3
80 60 28
99 26 64
43 86 20
33 12 86
78 56 13
84 75 56
3 8 88
10 37 85
23 65 87
22 54 16
52 69 42
57 52 31
66 92 12
25 17 18
72 36 27
26 20 90
52 23 15
68 23 92
2 32 95
69 96 3
15 27 85
3 96 47
32 67 10
27 5 38
9 76 39
21 57 20
22 2 57
100 97 2
67 94 53
97 40 45
53 61 85
0 34 29
21 88 44
96 74 56
32 77 66
55 3 20
82 42 37
71 86 34
60 5 38
66 26 38
1 95 53
63 93 100
25 93 2
36 4 21
92 55 47
32 27 27
58 99 46
77 83 58
37 21 1
100 87 47
12 72 83
23 5 33
16 20 13
13 64 42
86 25 64
42 7 15
26 2 42
33 70 76
53 77 48
73 79 96
1 42 57
96 23 79
71 52 15
32 98 7
8 44 91
11 30 40
91 5 25
26 91 40
56 84 29
42 8 52
14 33 90
47 25 9
47 66 68
60 81 24
27 6 1
52 22 97
30 9 85
12 7 78
88 5 55
10 22 55
38 8 35
0 71 40
87 20 40
92 67 54
58 90 100
13 94 70
32 10 75
